 0.00, 0.85
 0.01,-0.15
 0.01, 0.17
 0.02,-2.30
 0.02, 0.59
 0.03,-1.59
 0.03,-1.50
 0.04,-0.36
 0.04, 1.71
 0.05,-1.64
 0.05,-0.68
 0.06,-0.11
 0.06,-1.01
 0.07, 0.68
 0.07,-0.98
 0.08, 1.44
 0.08, 0.11
 0.09,-0.28
 0.09, 0.26
 0.10,-0.14
 0.10,-0.38
 0.11,-0.50
 0.11, 1.31
 0.12, 1.05
 0.12,-0.30
 0.13,-1.10
 0.13, 0.68
 0.14,-0.49
 0.14,-0.66
 0.15,-0.78
 0.15, 1.02
 0.16, 0.67
 0.16, 0.91
 0.17, 0.98
 0.17, 0.28
 0.18,-0.32
 0.18,-0.81
 0.19, 0.07
 0.19,-0.11
 0.20,-0.96
 0.20, 0.65
 0.21, 2.36
 0.21, 0.41
 0.22,-0.70
 0.22,-2.17
 0.23,-1.17
 0.23, 0.37
 0.24, 0.04
 0.24, 0.90
 0.25,-0.89
 0.25, 1.58
 0.26,-0.74
 0.26, 0.21
 0.27,-0.25
 0.27,-1.24
 0.28, 0.71
 0.28,-0.39
 0.29, 1.25
 0.29,-1.07
 0.30, 1.47
 0.30, 0.83
 0.31, 3.16
 0.31,-1.55
 0.32, 0.82
 0.32, 0.30
 0.33, 1.26
 0.33,-0.13
 0.34,-1.25
 0.34,-1.62
 0.35, 1.52
 0.35,-0.79
 0.36, 2.04
 0.36, 1.03
 0.37, 0.15
 0.37,-1.06
 0.38,-1.59
 0.38,-0.49
 0.39,-0.75
 0.39,-0.65
 0.40, 0.35
 0.40,-2.34
 0.41, 0.55
 0.41,-0.19
 0.42, 0.41
 0.42, 0.76
 0.43,-2.27
 0.43, 0.28
 0.44, 1.86
 0.44, 1.02
 0.45,-1.55
 0.45, 0.26
 0.46, 2.15
 0.46,-0.99
 0.47, 0.19
 0.47,-0.20
 0.48,-0.62
 0.48,-0.80
 0.49,-0.69
 0.49,-0.71
 0.50,-0.72
 0.50,-0.62
 0.51,-0.45
 0.51, 0.47
 0.52,-0.79
 0.52,-0.76
 0.53,-0.90
 0.53, 1.54
 0.54,-0.37
 0.54, 0.75
 0.55,-0.99
 0.55,-0.09
 0.56, 0.22
 0.56,-1.34
 0.57, 0.37
 0.57,-1.04
 0.58, 0.44
 0.58,-0.46
 0.59,-0.90
 0.59,-1.27
 0.60, 1.73
 0.60, 0.09
 0.61, 0.50
 0.61, 0.69
 0.62,-0.77
 0.62, 0.49
 0.63, 1.85
 0.63,-2.04
 0.64, 0.28
 0.64, 0.85
 0.65,-0.37
 0.65, 0.57
 0.66, 0.33
 0.66, 0.77
 0.67, 1.35
 0.67,-0.87
 0.68,-1.79
 0.68,-0.46
 0.69, 0.71
 0.69,-0.41
 0.70, 0.05
 0.70, 1.18
 0.71,-0.70
 0.71, 2.19
 0.72, 0.97
 0.72, 0.40
 0.73,-1.74
 0.73, 0.48
 0.74,-0.16
 0.74,-0.95
 0.75, 0.23
 0.75,-0.33
 0.76, 0.64
 0.76,-1.36
 0.77,-0.13
 0.77, 0.33
 0.78,-1.45
 0.78,-1.40
 0.79, 1.02
 0.79,-0.98
 0.80, 0.25
 0.80, 0.92
 0.81, 0.31
 0.82,-0.50
 0.82,-0.68
 0.83, 1.60
 0.83, 1.31
 0.84, 0.03
 0.84, 0.82
 0.85, 0.49
 0.85, 0.26
 0.86, 0.38
 0.86,-0.11
 0.87, 0.04
 0.87, 1.96
 0.88,-0.98
 0.88, 1.25
 0.89, 2.66
 0.89,-1.93
 0.90, 1.75
 0.90,-2.51
 0.91, 0.92
 0.91,-1.44
 0.92,-0.38
 0.92,-1.40
 0.93,-1.19
 0.93,-0.57
 0.94,-0.50
 0.94, 0.59
 0.95,-0.55
 0.95, 0.64
 0.96, 1.44
 0.96, 0.74
 0.97, 0.86
 0.97,-1.18
 0.98, 1.64
 0.98, 0.69
 0.99,-0.57
 0.99, 1.15
 1.00,-0.62
 1.00,-0.61
 1.02,-0.09
 1.03,-0.17
 1.03, 1.05
 1.04,-1.43
 1.04,-0.52
 1.05,-0.51
 1.05, 0.41
 1.06, 0.74
 1.06,-0.33
 1.07,-0.77
 1.07,-1.05
 1.08,-0.74
 1.08,-1.63
 1.09,-0.18
 1.09,-0.60
 1.10,-0.99
 1.10,-0.61
 1.11, 0.71
 1.11,-0.88
 1.12, 1.39
 1.12,-0.01
 1.13,-0.73
 1.13, 0.63
 1.14, 0.46
 1.14,-0.12
 1.15,-0.82
 1.15, 1.05
 1.16, 0.60
 1.16, 0.45
 1.17,-0.47
 1.17, 0.13
 1.18,-0.09
 1.18,-0.10
 1.19, 1.11
 1.19, 0.46
 1.20,-1.19
 1.20,-0.32
 1.21,-0.04
 1.21, 0.38
 1.22,-0.88
 1.22, 0.62
 1.23, 0.21
 1.23,-0.81
 1.24,-0.26
 1.24, 0.87
 1.25, 1.24
 1.25,-0.11
 1.26,-2.09
 1.26, 0.52
 1.27,-0.93
 1.27,-1.67
 1.28,-1.78
 1.28, 0.93
 1.29, 0.29
 1.29, 0.65
 1.30, 0.75
 1.30,-0.22
 1.31, 1.32
 1.31, 0.24
 1.32,-0.74
 1.32,-0.63
 1.33, 0.48
 1.33,-0.15
 1.34, 0.04
 1.34, 0.98
 1.35, 1.86
 1.35,-2.48
 1.36,-0.80
 1.36,-0.42
 1.37,-0.78
 1.37, 0.48
 1.38, 0.24
 1.38,-0.69
 1.39, 2.46
 1.39,-1.29
 1.40, 0.82
 1.40,-0.23
 1.41,-0.24
 1.41,-0.49
 1.42,-0.25
 1.42,-1.88
 1.43, 0.07
 1.43, 0.02
 1.44, 0.41
 1.44,-0.21
 1.45,-1.11
 1.45, 0.99
 1.46, 0.03
 1.46,-0.60
 1.47,-0.27
 1.47, 0.17
 1.48, 1.13
 1.48,-1.96
 1.49,-1.90
 1.49,-1.41
 1.50,-0.06
 1.50,-0.25
 1.51, 0.77
 1.51, 1.48
 1.52,-2.58
 1.52,-0.37
 1.53,-0.94
 1.53, 1.54
 1.54, 0.57
 1.54,-0.50
 1.55,-1.44
 1.55,-1.87
 1.56, 0.12
 1.56,-1.27
 1.57, 0.21
 1.57, 0.22
 1.58, 0.21
 1.58,-1.22
 1.59,-0.26
 1.59, 1.34
 1.60,-0.30
 1.60, 0.11
 1.61, 0.48
 1.61, 1.08
 1.62, 0.08
 1.62, 1.11
 1.63,-1.28
 1.63, 1.19
 1.64,-1.22
 1.64,-1.36
 1.65, 0.01
 1.65, 0.46
 1.66, 0.22
 1.66, 1.23
 1.67, 0.58
 1.67, 0.12
 1.68, 0.25
 1.68,-0.45
 1.69, 1.82
 1.70, 0.29
 1.70, 0.63
 1.71,-0.67
 1.71, 0.63
 1.72,-0.73
 1.72,-1.51
 1.73, 0.30
 1.73,-0.24
 1.74,-0.56
 1.74,-1.00
 1.75,-0.66
 1.75,-2.25
 1.76, 0.16
 1.76,-0.58
 1.77, 0.26
 1.77, 1.78
 1.78,-1.91
 1.78,-1.04
 1.79,-0.57
 1.79,-0.09
 1.80,-0.60
 1.80, 0.50
 1.81,-1.30
 1.81, 1.66
 1.82,-1.39
 1.82,-0.02
 1.83,-1.43
 1.83, 1.09
 1.84, 0.40
 1.84, 1.88
 1.85, 0.17
 1.85, 1.22
 1.86, 2.71
 1.86,-2.33
 1.87, 0.61
 1.87,-0.14
 1.88,-0.23
 1.88, 0.61
 1.89, 0.31
 1.89, 0.72
 1.90, 0.24
 1.90,-0.46
 1.91,-0.65
 1.91,-0.11
 1.92, 0.57
 1.92,-1.89
 1.93, 0.40
 1.93, 0.48
 1.94, 0.54
 1.94,-0.54
 1.95,-0.15
 1.95,-0.66
 1.96,-0.61
 1.96, 0.67
 1.97, 0.64
 1.97,-0.04
 1.98,-1.00
 1.98, 0.32
 1.99, 0.35
 1.99,-0.24
 2.00,-1.03
 2.00, 1.71
 2.01, 0.14
 2.01,-0.95
 2.02, 0.60
 2.02, 0.86
 2.05, 0.08
 2.05, 0.22
 2.06, 1.19
 2.06, 0.06
 2.07, 1.36
 2.07, 0.62
 2.08,-0.06
 2.08,-0.24
 2.09,-1.01
 2.09, 0.67
 2.10,-0.12
 2.10,-0.17
 2.11, 0.13
 2.11, 0.50
 2.12, 0.33
 2.12,-1.45
 2.13, 0.02
 2.13, 0.38
 2.14,-1.77
 2.14, 1.26
 2.15,-1.63
 2.15,-0.15
 2.16, 1.49
 2.16,-0.09
 2.17,-0.65
 2.17,-1.58
 2.18,-0.68
 2.18, 0.40
 2.19,-1.52
 2.19,-2.32
 2.20,-0.40
 2.20, 0.58
 2.21, 1.42
 2.21,-0.65
 2.22,-1.43
 2.22, 1.38
 2.23,-0.27
 2.23, 1.03
 2.24, 0.34
 2.24, 0.38
 2.25, 1.37
 2.25, 1.39
 2.26, 0.46
 2.26, 2.72
 2.27, 1.88
 2.27,-1.61
 2.28,-0.12
 2.28,-0.69
 2.29,-0.34
 2.29, 0.46
 2.30, 0.29
 2.30, 0.99
 2.31, 0.50
 2.31, 1.64
 2.32, 0.87
 2.32, 0.58
 2.33, 0.18
 2.33, 0.19
 2.34, 0.98
 2.34,-2.05
 2.35,-0.64
 2.35,-0.36
 2.36,-0.17
 2.36,-1.54
 2.37, 0.76
 2.37,-1.85
 2.38,-1.46
 2.38,-0.30
 2.39,-0.86
 2.39,-1.24
 2.40,-0.26
 2.40,-0.10
 2.41, 0.30
 2.41, 0.07
 2.42,-1.77
 2.42, 0.30
 2.43,-1.86
 2.43,-0.76
 2.44,-1.32
 2.44,-0.00
 2.45, 0.21
 2.45,-0.28
 2.46, 0.85
 2.46,-0.71
 2.47, 0.17
 2.47,-1.04
 2.48, 0.84
 2.48,-0.91
 2.49, 0.48
 2.49, 0.93
 2.50, 0.42
 2.50,-0.10
 2.51,-0.68
 2.51, 0.97
 2.52, 0.29
 2.52, 1.49
 2.53,-2.01
 2.53, 0.92
 2.54, 0.26
 2.54,-0.80
 2.55, 0.85
 2.55, 0.55
 2.56, 1.51
 2.56, 0.95
 2.57,-0.54
 2.57, 2.01
 2.58, 0.30
 2.58, 0.49
 2.59, 0.08
 2.59,-0.38
 2.60,-2.01
 2.60,-0.54
 2.61,-0.32
 2.61, 0.03
 2.62, 1.31
 2.62, 1.76
 2.63,-0.08
 2.63,-0.68
 2.64,-0.91
 2.64,-0.69
 2.65, 0.13
 2.65,-1.28
 2.66, 0.44
 2.66, 3.20
 2.67,-0.38
 2.68, 0.78
 2.68,-0.68
 2.69, 0.00
 2.69, 0.24
 2.70, 0.44
 2.70, 0.59
 2.71,-0.81
 2.71, 0.84
 2.72, 0.33
 2.72, 0.02
 2.73,-2.16
 2.73,-0.48
 2.74,-0.90
 2.74,-0.45
 2.75,-1.46
 2.75, 0.14
 2.76, 0.25
 2.76, 0.81
 2.77, 0.63
 2.77,-0.85
 2.78, 0.64
 2.78, 1.76
 2.79, 1.01
 2.79,-1.25
 2.80,-0.22
 2.80,-0.57
 2.81, 1.41
 2.81, 2.07
 2.82,-1.06
 2.82, 2.29
 2.83,-2.12
 2.83, 0.40
 2.84,-0.75
 2.84,-1.61
 2.85,-0.25
 2.85, 0.34
 2.86, 1.23
 2.86, 0.69
 2.87, 1.35
 2.87, 1.01
 2.88,-1.38
 2.88, 0.51
 2.89,-0.91
 2.89,-0.23
 2.90, 0.78
 2.90,-0.55
 2.91,-1.49
 2.91, 0.57
 2.92,-3.04
 2.92,-1.38
 2.93, 0.23
 2.93, 0.98
 2.94,-0.10
 2.94, 0.97
 2.95, 1.08
 2.95, 0.88
 2.96, 0.67
 2.96,-0.66
 2.97, 0.04
 2.97, 1.14
 2.98, 0.70
 2.98,-1.11
 2.99,-0.79
 2.99,-0.65
 3.00, 1.53
 3.00,-2.34
 3.01, 0.43
 3.01,-0.31
 3.02, 0.10
 3.02,-1.41
 3.03,-1.26
 3.03,-0.41
 3.04,-0.39
 3.04,-0.06
 3.05, 1.11
 3.07, 0.56
 3.08,-0.14
 3.08, 0.47
 3.09, 1.05
 3.09, 0.49
 3.10, 1.68
 3.10, 0.94
 3.11, 1.24
 3.11, 0.15
 3.12, 0.96
 3.12, 0.30
 3.13,-0.11
 3.13, 2.14
 3.14, 0.33
 3.14, 0.16
 3.15,-0.05
 3.15, 0.16
 3.16, 0.31
 3.16,-0.12
 3.17, 0.78
 3.17,-2.93
 3.18,-0.31
 3.18,-0.18
 3.19, 0.57
 3.19, 0.63
 3.20,-0.31
 3.20,-0.39
 3.21, 0.67
 3.21, 0.58
 3.22, 0.63
 3.22, 1.41
 3.23,-0.22
 3.23, 0.06
 3.24,-0.30
 3.24, 0.02
 3.25,-2.26
 3.25, 0.12
 3.26, 1.02
 3.26, 1.37
 3.27, 0.15
 3.27, 0.75
 3.28,-1.32
 3.28, 0.45
 3.29, 0.72
 3.29,-0.66
 3.30, 2.16
 3.30, 0.87
 3.31, 0.27
 3.31, 1.18
 3.32, 1.36
 3.32, 0.99
 3.33, 0.80
 3.33,-0.19
 3.34,-1.65
 3.34, 0.22
 3.35,-0.28
 3.35, 0.18
 3.36,-0.24
 3.36, 0.38
 3.37,-1.60
 3.37,-1.07
 3.38,-1.12
 3.38, 0.09
 3.39,-0.32
 3.39,-0.55
 3.40, 1.12
 3.40,-0.95
 3.41,-0.16
 3.41, 1.06
 3.42,-2.57
 3.42, 1.63
 3.43,-0.45
 3.43,-0.66
 3.44, 1.11
 3.44, 1.27
 3.45, 0.84
 3.45, 0.30
 3.46, 0.50
 3.46,-0.97
 3.47,-1.19
 3.47, 1.59
 3.48,-1.68
 3.48, 0.29
 3.49, 0.01
 3.49, 1.42
 3.50,-0.46
 3.50,-1.62
 3.51, 0.99
 3.51,-2.30
 3.52, 1.29
 3.52, 1.20
 3.53, 0.36
 3.53, 0.21
 3.54, 1.60
 3.54,-0.51
 3.55, 0.05
 3.55, 0.41
 3.56,-1.71
 3.56,-3.14
 3.57, 0.05
 3.57,-1.11
 3.58,-0.67
 3.58, 0.35
 3.59,-1.03
 3.59,-0.14
 3.60, 1.13
 3.60,-0.69
 3.61, 0.26
 3.61,-0.66
 3.62, 1.18
 3.62, 0.58
 3.63,-0.03
 3.63,-0.28
 3.64,-0.48
 3.64, 0.69
 3.65,-1.05
 3.65,-0.19
 3.66, 0.91
 3.66, 1.63
 3.67, 0.40
 3.67, 0.39
 3.68,-0.53
 3.68, 0.12
 3.69,-0.74
 3.69,-0.12
 3.70,-1.07
 3.70, 0.23
 3.71, 0.20
 3.71,-0.61
 3.72, 0.55
 3.72, 1.56
 3.73,-0.86
 3.73,-1.05
 3.74,-1.15
 3.74, 0.76
 3.75, 1.10
 3.75, 0.11
 3.76, 1.18
 3.76, 1.21
 3.77, 1.96
 3.77, 0.81
 3.78,-0.05
 3.78, 2.07
 3.79, 1.54
 3.79, 0.21
 3.80, 1.53
 3.80,-0.51
 3.81, 0.28
 3.81,-0.70
 3.82, 0.99
 3.82, 0.08
 3.83, 0.93
 3.84, 1.22
 3.84,-0.34
 3.85, 1.08
 3.85, 0.85
 3.86, 0.27
 3.86,-0.92
 3.87,-0.72
 3.87, 0.09
 3.88, 0.08
 3.88, 1.69
 3.89, 0.19
 3.89,-0.83
 3.90, 0.99
 3.90, 0.47
 3.91,-0.43
 3.91,-0.71
 3.92, 0.09
 3.92,-1.22
 3.93, 0.35
 3.93, 2.08
 3.94, 1.44
 3.94, 0.19
 3.95,-0.37
 3.95, 0.51
 3.96,-0.95
 3.96, 0.71
 3.97,-0.25
 3.97,-0.57
 3.98, 0.08
 3.98, 1.41
 3.99,-1.19
 3.99, 1.64
 4.00, 1.67
 4.00,-0.79
 4.01, 0.04
 4.01,-1.00
 4.02,-0.25
 4.02, 0.81
 4.03, 0.16
 4.03,-0.33
 4.04, 0.42
 4.04,-0.25
 4.05,-1.40
 4.05, 0.24
 4.06,-0.88
 4.06,-0.02
 4.07, 0.11
 4.07,-0.74
 4.09,-0.36
 4.10, 1.38
 4.10, 1.94
 4.11,-0.03
 4.11, 1.85
 4.12,-0.53
 4.12, 2.64
 4.13,-2.02
 4.13, 0.08
 4.14,-0.48
 4.14, 1.57
 4.15, 0.04
 4.15,-0.40
 4.16,-0.85
 4.16, 0.33
 4.17,-0.53
 4.17,-0.80
 4.18, 1.19
 4.18,-0.32
 4.19, 0.07
 4.19,-0.05
 4.20,-0.21
 4.20,-0.12
 4.21, 0.21
 4.21, 0.53
 4.22,-0.91
 4.22,-0.25
 4.23, 1.08
 4.23, 0.77
 4.24,-1.36
 4.24,-0.53
 4.25, 0.25
 4.25, 0.67
 4.26,-0.86
 4.26,-0.07
 4.27,-1.48
 4.27,-0.34
 4.28, 0.04
 4.28, 0.47
 4.29, 0.09
 4.29, 0.07
 4.30,-0.93
 4.30,-0.81
 4.31, 0.59
 4.31, 0.17
 4.32,-1.44
 4.32, 0.35
 4.33,-0.20
 4.33,-0.05
 4.34,-0.45
 4.35,-0.75
 4.35, 1.53
 4.36,-0.23
 4.36, 0.74
 4.37,-1.43
 4.37, 1.19
 4.38, 0.04
 4.38,-0.45
 4.39, 0.92
 4.39,-0.31
 4.40, 0.04
 4.40, 0.49
 4.41,-1.55
 4.41, 0.74
 4.42, 0.19
 4.42,-1.40
 4.43,-1.05
 4.43,-0.57
 4.44,-0.71
 4.44,-0.54
 4.45, 0.63
 4.45, 1.17
 4.46,-0.91
 4.46, 0.49
 4.47, 1.55
 4.47,-0.06
 4.48,-0.05
 4.48, 0.72
 4.49,-0.03
 4.49, 0.46
 4.50, 0.09
 4.50,-0.46
 4.51, 0.63
 4.51,-0.91
 4.52,-0.47
 4.52,-0.22
 4.53,-1.03
 4.53, 1.28
 4.54, 1.94
 4.54, 0.43
 4.55,-0.53
 4.55,-0.42
 4.56, 0.71
 4.56,-1.18
 4.57, 0.83
 4.57,-0.21
 4.58, 2.22
 4.58, 0.20
 4.59, 1.08
 4.59, 0.56
 4.60,-1.98
 4.60, 0.59
 4.61,-0.93
 4.61,-1.47
 4.62, 2.64
 4.62, 0.57
 4.63, 1.20
 4.63,-0.31
 4.64,-0.65
 4.64,-0.86
 4.65,-1.24
 4.65,-0.77
 4.66,-0.96
 4.66,-0.31
 4.67,-0.20
 4.67,-0.02
 4.68, 0.21
 4.68,-2.34
 4.69,-0.01
 4.69,-0.03
 4.70, 0.23
 4.70,-0.15
 4.71,-1.66
 4.71,-0.73
 4.72,-0.53
 4.72,-0.36
 4.73, 0.99
 4.73, 0.66
 4.74,-1.78
 4.74, 0.62
 4.75, 1.34
 4.75,-0.71
 4.76, 0.39
 4.76, 0.37
 4.77, 0.05
 4.77, 1.06
 4.78, 1.75
 4.78, 0.11
 4.79,-0.11
 4.79, 0.79
 4.80, 0.02
 4.80,-1.01
 4.81, 1.01
 4.81,-1.01
 4.82,-1.09
 4.82,-1.05
 4.83, 0.92
 4.83, 0.09
 4.84, 1.08
 4.84,-0.66
 4.85, 2.30
 4.85,-0.98
 4.86,-0.98
 4.86, 0.35
 4.87, 0.06
 4.87, 0.95
 4.88,-1.48
 4.88,-0.29
 4.89,-0.24
 4.89, 0.86
 4.90,-0.10
 4.90,-0.03
 4.91, 1.84
 4.91,-0.35
 4.92, 1.09
 4.92, 0.78
 4.93,-0.02
 4.93, 0.12
 4.94, 1.27
 4.94,-1.69
 4.95,-0.04
 4.95,-0.58
 4.96, 0.43
 4.96, 0.82
 4.97,-0.17
 4.97, 0.10
 4.98, 1.20
 4.98, 0.24
 4.99, 0.56
 4.99,-0.01
 5.00, 0.03
 5.00,-0.70
 5.01, 0.88
 5.01,-0.75
 5.02, 0.27
 5.02,-1.17
 5.03,-0.07
 5.03, 1.08
 5.04,-0.76
 5.04, 0.74
 5.05, 0.29
 5.05,-1.61
 5.06,-1.76
 5.06, 0.78
 5.07,-0.33
 5.07, 1.20
 5.08,-0.46
 5.08, 0.71
 5.09, 0.91
 5.09,-0.31
 5.12,-1.18
 5.13,-0.24
 5.13, 0.25
 5.14,-1.31
 5.14, 0.02
 5.15,-0.64
 5.15, 1.20
 5.16, 0.79
 5.16, 1.23
 5.17,-0.25
 5.17, 0.49
 5.18, 0.51
 5.18,-1.02
 5.19,-0.71
 5.19, 1.42
 5.20, 2.37
 5.20,-0.20
 5.21,-0.63
 5.21, 0.38
 5.22,-1.13
 5.22,-1.36
 5.23,-0.81
 5.23,-0.05
 5.24, 0.58
 5.24, 0.64
 5.25, 0.84
 5.25, 0.97
 5.26,-0.06
 5.26,-1.16
 5.27,-1.25
 5.27, 1.34
 5.28, 1.12
 5.28, 1.42
 5.29, 0.16
 5.29,-0.15
 5.30,-2.36
 5.30,-1.24
 5.31, 2.02
 5.31,-0.18
 5.32, 0.45
 5.32, 0.89
 5.33,-0.01
 5.33, 0.26
 5.34,-2.73
 5.34,-1.21
 5.35,-0.62
 5.35,-1.06
 5.36,-0.48
 5.36,-0.82
 5.37,-0.97
 5.37,-1.44
 5.38,-0.67
 5.38,-0.72
 5.39,-0.66
 5.39,-0.66
 5.40,-0.29
 5.40,-0.46
 5.41, 0.59
 5.41, 0.12
 5.42, 1.41
 5.42, 0.83
 5.43,-1.25
 5.43,-0.21
 5.44, 0.49
 5.44,-0.80
 5.45, 0.24
 5.45, 1.26
 5.46, 0.21
 5.46,-0.07
 5.47, 0.08
 5.47,-0.58
 5.48, 0.87
 5.48,-1.51
 5.49, 1.01
 5.49,-0.16
 5.50, 2.80
 5.50, 0.30
 5.51, 0.95
 5.51,-0.10
 5.52,-0.15
 5.52, 0.69
 5.53, 0.76
 5.53, 1.62
 5.54,-2.38
 5.54, 0.53
 5.55, 0.33
 5.55,-0.74
 5.56,-0.18
 5.56, 0.36
 5.57,-0.93
 5.57,-0.03
 5.58,-0.72
 5.58,-0.32
 5.59, 1.14
 5.59,-1.17
 5.60,-0.88
 5.60,-1.43
 5.61,-0.75
 5.61, 0.00
 5.62, 1.02
 5.62, 0.33
 5.63,-0.27
 5.63,-0.68
 5.64, 0.48
 5.64,-1.53
 5.65,-0.12
 5.65, 0.03
 5.66, 0.23
 5.66, 1.02
 5.67, 1.57
 5.67,-0.77
 5.68, 1.31
 5.68,-2.23
 5.69,-1.24
 5.69,-0.41
 5.70,-0.35
 5.70, 0.99
 5.71,-1.10
 5.71, 1.84
 5.72,-1.12
 5.72,-0.39
 5.73,-0.54
 5.73,-0.29
 5.74,-0.89
 5.74, 0.87
 5.75, 0.83
 5.75, 1.65
 5.76, 1.50
 5.76, 0.18
 5.77,-1.03
 5.77,-1.06
 5.78,-1.30
 5.78,-1.02
 5.79, 1.29
 5.79,-0.18
 5.80, 1.51
 5.80,-1.20
 5.81,-1.41
 5.82,-0.73
 5.82,-1.32
 5.83,-0.38
 5.83, 0.01
 5.84, 0.64
 5.84, 0.10
 5.85,-0.95
 5.85, 0.71
 5.86,-2.00
 5.86,-0.43
 5.87,-0.99
 5.87,-0.86
 5.88, 0.44
 5.88, 1.18
 5.89,-0.12
 5.89, 0.13
 5.90, 0.64
 5.90,-0.73
 5.91,-0.24
 5.91, 0.47
 5.92,-0.72
 5.92,-0.81
 5.93, 0.12
 5.93,-1.05
 5.94,-1.59
 5.94,-0.49
 5.95, 0.15
 5.95, 0.47
 5.96, 0.43
 5.96,-2.93
 5.97,-1.83
 5.97,-0.56
 5.98,-0.11
 5.98, 0.06
 5.99, 0.23
 5.99, 1.61
 6.00,-0.50
 6.00,-0.11
 6.01, 0.79
 6.01, 0.03
 6.02, 0.05
 6.02, 1.26
 6.03,-0.16
 6.03, 0.77
 6.04, 0.95
 6.04,-2.07
 6.05,-1.19
 6.05, 1.26
 6.06,-0.16
 6.06, 0.51
 6.07, 0.20
 6.07,-0.47
 6.08, 0.18
 6.08, 0.46
 6.09,-0.29
 6.09, 0.01
 6.10, 0.23
 6.10, 0.10
 6.11,-1.52
 6.11, 0.02
 6.12, 0.28
 6.12,-1.38
 6.14, 1.86
 6.15, 0.93
 6.15, 1.08
 6.16,-0.18
 6.16, 0.82
 6.17,-1.44
 6.17,-1.46
 6.18,-0.06
 6.18, 1.98
 6.19,-0.38
 6.19, 0.54
 6.20,-0.80
 6.20,-0.07
 6.21, 0.05
 6.21, 1.02
 6.22,-1.03
 6.22, 1.70
 6.23,-0.77
 6.23, 1.91
 6.24,-0.83
 6.24, 2.31
 6.25, 0.46
 6.25, 0.79
 6.26, 1.12
 6.26,-0.34
 6.27, 0.18
 6.27, 0.30
 6.28, 1.39
 6.28,-1.10
 6.29, 0.17
 6.29,-0.14
 6.30, 1.88
 6.30, 0.95
 6.31, 0.02
 6.31,-0.68
 6.32,-0.01
 6.32,-0.62
 6.33, 0.74
 6.33,-1.29
 6.34,-0.13
 6.34, 0.07
 6.35, 0.97
 6.35,-1.79
 6.36, 0.36
 6.36, 0.53
 6.37, 0.53
 6.37, 0.46
 6.38, 0.21
 6.38,-0.03
 6.39,-0.05
 6.39, 0.74
 6.40, 0.10
 6.40, 1.16
 6.41,-1.58
 6.41,-1.45
 6.42,-1.35
 6.42,-0.09
 6.43, 0.97
 6.43,-0.14
 6.44, 0.61
 6.44,-0.72
 6.45, 0.59
 6.45, 0.69
 6.46, 0.47
 6.46, 0.62
 6.47, 0.38
 6.47,-0.52
 6.48, 0.16
 6.48,-0.85
 6.49,-0.89
 6.50, 1.89
 6.50,-0.74
 6.51, 2.18
 6.51, 1.60
 6.52, 0.22
 6.52,-1.46
 6.53,-0.54
 6.53,-2.28
 6.54, 0.74
 6.54,-0.31
 6.55,-1.29
 6.55,-0.59
 6.56,-0.25
 6.56, 1.15
 6.57,-0.17
 6.57,-0.66
 6.58,-2.19
 6.58, 0.13
 6.59, 0.15
 6.59, 0.03
 6.60, 1.15
 6.60, 0.47
 6.61, 0.95
 6.61, 0.52
 6.62,-0.17
 6.62, 0.16
 6.63, 1.30
 6.63,-0.48
 6.64, 0.88
 6.64,-0.20
 6.65, 0.13
 6.65,-0.61
 6.66,-0.96
 6.66, 1.32
 6.67,-1.04
 6.67, 0.91
 6.68,-0.13
 6.68, 0.82
 6.69, 0.22
 6.69,-1.59
 6.70,-1.62
 6.70,-0.26
 6.71, 1.75
 6.71, 0.29
 6.72,-2.48
 6.72, 0.17
 6.73, 0.10
 6.73,-0.24
 6.74, 1.04
 6.74, 0.33
 6.75,-1.26
 6.75,-1.43
 6.76,-0.20
 6.76,-1.14
 6.77,-1.02
 6.77,-1.47
 6.78,-0.51
 6.78, 0.47
 6.79, 1.60
 6.79, 0.22
 6.80,-0.65
 6.80, 0.56
 6.81, 3.13
 6.81,-0.77
 6.82, 2.33
 6.82, 0.58
 6.83, 0.26
 6.83,-1.94
 6.84,-1.06
 6.84,-1.39
 6.85, 0.84
 6.85,-1.41
 6.86,-0.41
 6.86, 0.88
 6.87, 0.36
 6.87,-1.06
 6.88,-0.09
 6.88, 0.46
 6.89, 2.44
 6.89,-0.50
 6.90,-0.92
 6.90, 1.20
 6.91, 0.08
 6.91,-0.62
 6.92,-2.11
 6.92,-0.65
 6.93, 0.20
 6.93,-1.30
 6.94,-0.99
 6.94, 0.18
 6.95, 2.32
 6.95, 0.30
 6.96,-0.61
 6.96, 0.36
 6.97,-0.27
 6.97, 0.20
 6.98,-0.41
 6.98,-0.28
 6.99,-0.28
 6.99, 0.33
 7.00,-0.39
 7.00,-0.55
 7.01, 1.00
 7.01,-0.38
 7.02, 0.05
 7.02,-0.32
 7.03,-0.62
 7.03, 0.59
 7.04,-0.64
 7.04,-1.96
 7.05,-1.14
 7.05,-0.76
 7.06,-0.23
 7.06,-0.96
 7.07,-2.88
 7.07,-1.55
 7.08, 0.06
 7.08, 1.16
 7.09, 0.58
 7.09,-0.69
 7.10, 0.01
 7.10, 0.37
 7.11, 0.49
 7.11,-0.94
 7.12, 1.40
 7.12,-1.88
 7.13,-0.77
 7.13,-0.52
 7.14,-0.31
 7.14, 0.63
 7.17,-0.69
 7.17, 0.39
 7.18,-2.64
 7.18, 0.07
 7.19, 0.19
 7.19,-0.66
 7.20, 0.20
 7.20,-1.09
 7.21, 0.52
 7.21, 0.13
 7.22, 0.83
 7.22,-0.30
 7.23, 1.26
 7.23, 0.72
 7.24,-2.15
 7.25,-0.85
 7.25,-1.44
 7.26, 0.97
 7.26,-0.60
 7.27,-1.86
 7.27,-0.28
 7.28, 0.68
 7.28, 1.05
 7.29,-0.53
 7.29, 0.58
 7.30, 0.41
 7.30,-0.11
 7.31, 2.02
 7.31, 1.05
 7.32, 0.31
 7.32,-0.94
 7.33,-1.64
 7.33, 0.67
 7.34, 1.65
 7.34, 0.58
 7.35,-0.46
 7.35, 0.03
 7.36, 0.88
 7.36,-0.10
 7.37,-1.03
 7.37,-0.16
 7.38,-1.12
 7.38,-1.33
 7.39,-1.57
 7.39, 1.59
 7.40,-1.84
 7.40, 1.39
 7.41, 0.85
 7.41, 1.07
 7.42,-0.24
 7.42, 0.97
 7.43, 1.51
 7.43, 0.34
 7.44,-0.45
 7.44, 0.84
 7.45, 1.06
 7.45, 1.55
 7.46,-1.08
 7.46,-0.11
 7.47, 1.91
 7.47,-0.40
 7.48, 0.45
 7.48,-1.09
 7.49, 0.95
 7.49,-0.74
 7.50, 0.12
 7.50,-0.93
 7.51, 0.44
 7.51, 0.11
 7.52, 0.43
 7.52,-0.02
 7.53, 0.07
 7.53,-0.30
 7.54, 0.57
 7.54,-0.61
 7.55, 0.35
 7.55,-0.60
 7.56, 0.29
 7.56,-1.48
 7.57, 1.70
 7.57,-2.30
 7.58, 0.70
 7.58,-0.38
 7.59,-0.56
 7.59,-1.42
 7.60,-0.91
 7.60,-1.39
 7.61,-0.84
 7.61, 0.50
 7.62,-1.54
 7.62, 0.60
 7.63, 0.60
 7.63,-0.43
 7.64, 0.23
 7.64, 0.69
 7.65, 0.01
 7.65,-2.05
 7.66,-0.34
 7.66,-1.43
 7.67,-0.92
 7.67, 0.07
 7.68, 1.34
 7.68,-0.33
 7.69,-0.11
 7.69,-0.31
 7.70,-0.63
 7.70,-0.05
 7.71,-0.59
 7.71,-0.20
 7.72,-0.13
 7.72, 1.13
 7.73,-1.07
 7.73, 1.11
 7.74, 1.66
 7.74,-0.78
 7.75, 0.41
 7.75, 1.40
 7.76,-0.66
 7.76,-0.46
 7.77, 1.92
 7.77,-0.49
 7.78, 1.37
 7.78, 0.11
 7.79,-1.13
 7.79,-0.98
 7.80,-0.32
 7.80,-0.71
 7.81,-0.89
 7.81, 0.86
 7.82,-0.41
 7.82,-1.26
 7.83,-0.59
 7.83,-1.71
 7.84, 0.73
 7.84, 1.22
 7.85,-0.67
 7.85, 1.39
 7.86, 0.06
 7.86, 0.51
 7.87, 2.15
 7.87,-0.12
 7.88,-0.83
 7.88, 0.44
 7.89, 0.41
 7.89, 0.09
 7.90, 1.18
 7.90, 0.14
 7.91,-0.39
 7.91, 0.27
 7.92, 0.25
 7.92, 0.16
 7.93, 0.96
 7.93,-0.80
 7.94,-0.30
 7.94,-0.00
 7.95,-0.08
 7.95, 0.10
 7.96, 0.94
 7.96, 0.64
 7.97,-0.20
 7.97,-0.63
 7.98,-0.31
 7.98,-1.44
 7.99, 0.28
 7.99,-0.21
 8.00, 0.83
 8.00, 0.77
 8.01, 0.56
 8.01,-0.94
 8.02, 0.36
 8.02, 0.12
 8.03,-2.15
 8.03,-0.99
 8.04,-0.51
 8.04,-2.02
 8.05,-1.05
 8.05,-0.95
 8.06, 0.37
 8.06,-1.29
 8.07, 1.57
 8.07,-1.59
 8.08,-0.17
 8.08, 1.13
 8.09,-1.21
 8.09, 1.50
 8.10, 1.48
 8.10,-1.20
 8.11, 0.14
 8.11, 0.73
 8.12, 0.84
 8.12, 1.49
 8.13,-0.40
 8.13,-1.04
 8.14,-0.38
 8.14, 0.68
 8.15, 0.12
 8.15, 0.16
 8.16, 0.52
 8.16,-0.46
 8.17, 1.53
 8.24, 0.96
 8.24,-0.13
 8.25, 0.04
 8.25,-0.01
 8.26,-0.46
 8.26,-1.04
 8.27,-1.42
 8.27,-0.74
 8.28, 0.98
 8.28, 0.46
 8.29,-1.35
 8.29, 2.01
 8.30,-0.12
 8.30, 1.21
 8.31,-2.02
 8.31,-0.58
 8.32, 1.02
 8.32,-0.64
 8.33,-1.43
 8.33,-1.49
 8.34, 1.94
 8.34, 2.54
 8.35, 0.34
 8.35, 1.34
 8.36,-0.63
 8.36,-2.92
 8.37,-1.24
 8.37, 0.81
 8.38,-0.65
 8.38,-1.79
 8.39, 0.87
 8.39, 0.47
 8.40,-0.37
 8.41,-0.25
 8.41, 0.15
 8.42,-1.71
 8.42, 0.80
 8.43, 0.10
 8.43, 1.08
 8.44,-0.26
 8.44, 0.46
 8.45,-0.87
 8.45,-0.36
 8.46, 0.69
 8.46,-1.53
 8.47,-0.53
 8.47,-0.01
 8.48,-1.05
 8.48, 1.47
 8.49, 1.26
 8.49,-1.61
 8.50, 0.15
 8.50, 0.03
 8.51,-0.35
 8.51,-0.41
 8.52,-0.06
 8.52, 1.13
 8.53, 0.56
 8.53, 0.60
 8.54,-0.11
 8.54,-0.46
 8.55,-0.06
 8.55,-0.53
 8.56, 1.46
 8.56,-1.51
 8.57, 1.74
 8.57, 0.94
 8.58, 1.89
 8.58, 1.98
 8.59,-0.85
 8.59, 1.47
 8.60,-0.40
 8.60, 0.43
 8.61,-0.79
 8.61,-0.75
 8.62, 0.82
 8.62,-1.82
 8.63,-0.28
 8.63,-1.14
 8.64,-0.66
 8.64, 0.04
 8.65,-1.16
 8.65, 1.59
 8.66,-0.92
 8.66, 1.77
 8.67,-1.42
 8.67,-0.00
 8.68, 0.15
 8.68,-0.67
 8.69,-1.47
 8.69, 1.51
 8.70,-1.16
 8.70,-0.02
 8.71,-0.81
 8.71, 1.68
 8.72,-0.33
 8.72,-0.60
 8.73, 1.09
 8.73, 0.59
 8.74, 0.28
 8.74, 0.73
 8.75, 0.78
 8.75, 0.01
 8.76, 0.18
 8.76, 1.22
 8.77,-3.09
 8.77,-0.32
 8.78, 1.46
 8.78,-0.11
 8.79, 1.92
 8.79,-0.59
 8.80, 0.05
 8.80, 1.61
 8.81, 1.55
 8.81, 1.24
 8.82, 1.31
 8.82,-1.84
 8.83,-1.05
 8.83,-1.56
 8.84,-1.31
 8.84,-0.18
 8.85,-1.86
 8.85,-1.30
 8.86,-1.21
 8.86,-0.24
 8.87,-0.34
 8.87, 1.26
 8.88,-1.09
 8.88, 0.22
 8.89,-0.21
 8.89,-0.30
 8.90,-0.47
 8.90,-0.89
 8.91, 0.17
 8.91,-0.37
 8.92,-0.68
 8.92, 0.47
 8.93,-1.31
 8.93,-1.43
 8.94, 0.79
 8.94,-1.18
 8.95, 0.06
 8.95, 0.93
 8.96, 2.17
 8.96,-0.73
 8.97, 0.63
 8.97,-0.13
 8.98, 0.12
 8.98, 0.25
 8.99,-0.61
 8.99,-0.43
 9.00,-0.06
 9.00, 0.87
 9.01,-0.06
 9.01,-0.23
 9.02, 0.45
 9.02, 0.14
 9.03, 0.39
 9.03, 1.01
 9.04, 1.27
 9.04,-0.99
 9.05,-1.42
 9.05,-1.54
 9.06, 1.00
 9.06,-0.25
 9.07, 1.33
 9.07, 0.07
 9.08, 1.48
 9.08, 0.18
 9.09, 0.76
 9.09,-0.29
 9.10, 0.16
 9.10, 2.76
 9.11, 0.35
 9.11, 1.39
 9.12,-0.50
 9.12,-1.09
 9.13,-0.06
 9.13, 0.07
 9.14, 1.97
 9.14, 0.75
 9.15,-0.13
 9.15,-0.06
 9.16, 0.47
 9.16,-0.15
 9.17, 0.65
 9.17,-1.07
 9.18,-0.61
 9.18,-0.61
 9.19, 0.76
 9.19, 0.26
 9.20,-1.24
 9.20,-0.97
 9.21, 2.25
 9.21, 0.62
 9.22,-0.72
 9.22, 0.74
 9.23, 1.53
 9.23, 0.81
 9.24, 0.45
 9.27, 0.38
 9.27, 0.50
 9.28, 0.35
 9.28, 0.94
 9.29, 0.18
 9.29,-0.24
 9.30, 1.28
 9.30, 1.22
 9.31,-1.91
 9.31,-0.38
 9.32,-0.61
 9.32,-0.24
 9.33,-1.25
 9.33, 1.32
 9.34,-1.49
 9.34,-1.94
 9.35,-0.60
 9.35,-0.34
 9.36, 0.26
 9.36, 1.30
 9.37,-0.47
 9.37,-1.92
 9.38, 0.65
 9.38, 0.72
 9.39, 0.94
 9.39,-1.24
 9.40,-0.24
 9.40, 1.23
 9.41, 0.82
 9.41,-1.79
 9.42,-0.88
 9.42,-1.03
 9.43, 2.22
 9.43,-1.07
 9.44, 0.56
 9.44,-0.36
 9.45,-1.24
 9.45, 0.02
 9.46, 1.41
 9.46,-0.11
 9.47,-0.52
 9.47,-0.45
 9.48, 0.41
 9.48, 0.46
 9.49, 0.78
 9.49, 0.53
 9.50, 0.30
 9.50,-1.14
 9.51,-3.28
 9.51, 1.45
 9.52,-0.33
 9.52,-0.28
 9.53,-0.68
 9.53,-0.14
 9.54,-0.47
 9.54,-1.22
 9.55,-0.04
 9.55, 0.95
 9.56, 0.81
 9.56, 0.52
 9.57, 0.57
 9.57,-0.97
 9.58, 1.53
 9.58, 0.12
 9.59, 1.09
 9.59,-0.12
 9.60, 1.43
 9.60,-1.46
 9.61, 0.32
 9.61,-1.27
 9.62, 0.10
 9.62,-1.08
 9.63, 1.95
 9.63, 0.10
 9.64,-0.47
 9.64,-0.95
 9.65,-0.02
 9.65,-1.26
 9.66, 0.40
 9.66, 0.82
 9.67, 0.27
 9.67,-0.83
 9.68,-0.58
 9.68, 0.10
 9.69,-1.08
 9.69,-0.49
 9.70, 1.40
 9.70, 0.67
 9.71, 0.49
 9.71,-0.47
 9.72, 0.75
 9.72,-0.11
 9.73, 0.51
 9.73, 0.57
 9.74, 0.28
 9.74, 1.48
 9.75,-0.81
 9.75, 1.22
 9.76, 0.50
 9.76, 0.80
 9.77,-1.71
 9.77, 0.54
 9.78, 1.33
 9.78, 0.71
 9.79, 0.23
 9.79,-1.54
 9.80, 0.64
 9.80,-1.03
 9.81,-0.25
 9.81,-1.07
 9.82, 0.26
 9.82, 1.21
 9.83,-0.13
 9.83, 0.95
 9.84, 3.32
 9.84,-1.44
 9.85, 0.04
 9.85,-2.02
 9.86, 0.98
 9.86,-0.74
 9.87, 0.36
 9.87, 0.72
 9.88, 0.94
 9.88,-1.13
 9.89,-0.42
 9.89, 0.79
 9.90,-0.06
 9.90,-0.38
 9.91, 0.15
 9.91,-0.25
 9.92, 0.05
 9.92, 1.08
 9.93,-0.03
 9.93,-0.30
 9.94,-2.13
 9.94,-0.24
 9.95,-1.48
 9.95, 1.23
 9.96, 0.04
 9.96, 1.21
 9.97, 0.42
 9.97,-0.19
 9.98,-1.55
 9.98, 0.24
 9.99, 0.22
 9.99, 0.52
10.00, 0.44
10.00,-0.62
10.01,-1.77
10.01,-1.02
10.02,-1.31
10.02, 0.70
10.03, 1.47
10.03, 0.66
10.04,-0.20
10.04, 0.16
10.05, 0.74
10.05,-0.73
10.06, 0.32
10.06, 0.56
10.07,-1.83
10.07,-0.26
10.08, 2.12
10.08,-1.96
10.09, 1.09
10.09, 0.19
10.10,-0.23
10.10,-0.66
10.11,-0.83
10.11,-1.23
10.12,-0.32
10.12, 0.17
10.13, 0.29
10.13, 1.48
10.14, 1.29
10.14,-0.06
10.15,-0.84
10.15, 1.31
10.16,-0.98
10.16,-0.24
10.17,-1.32
10.18, 0.70
10.18, 0.90
10.19, 0.24
10.19,-1.82
10.20,-0.77
10.20,-0.69
10.21,-0.00
10.21,-0.31
10.22, 1.54
10.22, 1.10
10.23,-1.48
10.23,-0.30
10.24,-0.01
10.24,-1.19
10.25, 0.18
10.25,-0.30
10.26,-0.34
10.26,-1.51
10.27,-0.93
10.29, 0.75
10.30,-0.61
10.30, 0.01
10.31,-2.17
10.31,-0.53
10.32,-0.81
10.32,-1.49
10.33,-0.04
10.33,-0.43
10.34,-0.26
10.34, 0.64
10.35,-0.83
10.35,-0.00
10.36,-0.76
10.36, 0.47
10.37, 1.56
10.37, 1.64
10.38,-0.30
10.38,-0.26
10.39,-1.00
10.39,-0.54
10.40,-0.15
10.40,-0.19
10.41,-1.68
10.41,-0.87
10.42,-1.06
10.42, 0.92
10.43, 0.42
10.43, 0.67
10.44, 0.44
10.44,-0.80
10.45,-0.26
10.45,-0.54
10.46, 0.01
10.46, 0.70
10.47, 0.16
10.47,-0.37
10.48,-0.56
10.48, 0.66
10.49, 0.29
10.49, 0.74
10.50,-0.98
10.50, 2.35
10.51,-1.38
10.51,-0.38
10.52, 0.01
10.52,-0.19
10.53,-1.59
10.53,-2.34
10.54,-1.17
10.54,-0.17
10.55,-0.01
10.55,-1.07
10.56, 0.88
10.56,-0.01
10.57, 0.18
10.57,-0.37
10.58,-1.60
10.58, 0.20
10.59,-1.97
10.59, 0.30
10.60, 1.03
10.60,-1.11
10.61, 0.09
10.61, 0.21
10.62,-0.13
10.62, 0.30
10.63, 1.37
10.63, 0.96
10.64, 0.96
10.64,-1.28
10.65, 1.21
10.65,-0.10
10.66,-1.78
10.66, 0.20
10.67, 0.56
10.67, 0.49
10.68, 0.20
10.68, 0.27
10.69,-1.35
10.69,-0.01
10.70,-0.96
10.70, 1.22
10.71,-0.69
10.71, 2.82
10.72, 0.79
10.72, 0.03
10.73, 0.03
10.73,-1.72
10.74, 1.67
10.74, 1.30
10.75,-0.52
10.75, 0.66
10.76, 1.10
10.76, 0.29
10.77, 0.11
10.77, 0.66
10.78, 1.42
10.78,-0.07
10.79,-1.00
10.79, 1.81
10.80,-1.24
10.80, 0.55
10.81, 0.19
10.81,-0.52
10.82,-0.12
10.82, 1.25
10.83,-1.15
10.83,-1.87
10.84, 0.45
10.84, 1.34
10.85, 2.15
10.86, 0.95
10.86, 0.04
10.87, 0.12
10.87,-0.78
10.88,-0.91
10.88, 0.40
10.89, 2.34
10.89, 0.05
10.90,-0.84
10.90,-0.44
10.91,-1.49
10.91,-0.92
10.92, 0.45
10.92,-0.44
10.93,-0.21
10.93,-1.57
10.94,-0.34
10.94,-2.40
10.95,-0.51
10.95,-0.12
10.96, 0.97
10.96, 1.94
10.97, 0.30
10.97, 1.51
10.98,-0.63
10.98, 0.18
10.99,-2.16
10.99, 0.09
11.00,-0.24
11.00, 0.64
11.01, 1.53
11.01,-0.81
11.02,-0.25
11.02, 0.90
11.03, 1.14
11.03,-0.67
11.04, 1.14
11.04,-1.63
11.05, 0.46
11.05, 0.29
11.06,-1.24
11.06, 1.38
11.07, 1.37
11.07,-0.50
11.08,-1.53
11.08, 0.53
11.09, 0.41
11.09, 1.86
11.10,-0.41
11.10, 0.46
11.11, 0.91
11.11, 1.02
11.12,-0.38
11.12,-0.96
11.13,-0.19
11.13, 1.52
11.14, 0.52
11.14, 0.43
11.15,-1.18
11.15,-0.37
11.16,-0.43
11.16,-1.53
11.17, 0.08
11.17,-0.21
11.18, 0.47
11.18,-1.11
11.19,-1.06
11.19, 0.64
11.20,-0.59
11.20, 0.09
11.21,-2.19
11.21,-0.95
11.22,-0.51
11.22,-1.18
11.23,-1.48
11.23, 0.85
11.24,-0.54
11.24,-1.18
11.25,-0.44
11.25,-0.79
11.26,-0.28
11.26, 0.57
11.27, 1.16
11.27, 1.00
11.28,-1.29
11.28,-1.69
11.29,-1.33
11.29, 0.01
11.31,-1.31
11.32,-1.93
11.32, 0.24
11.33, 1.03
11.33, 0.47
11.34, 0.38
11.34,-0.34
11.35,-0.00
11.35, 1.49
11.36,-0.47
11.36, 2.35
11.37, 1.85
11.37,-0.80
11.38, 0.03
11.38,-0.27
11.39,-0.60
11.39,-1.94
11.40,-0.03
11.40,-0.30
11.41,-1.83
11.41,-0.25
11.42,-0.67
11.42,-1.83
11.43, 1.50
11.43, 0.08
11.44,-2.15
11.44, 0.92
11.45, 0.83
11.45,-0.96
11.46, 2.37
11.46, 0.51
11.47, 0.18
11.47, 2.57
11.48, 0.88
11.48, 1.64
11.49, 0.86
11.49,-0.95
11.50,-0.16
11.50,-0.51
11.51, 0.63
11.51, 0.71
11.52, 0.90
11.52,-0.53
11.53, 0.28
11.54,-1.00
11.54,-0.01
11.55, 0.17
11.55, 0.59
11.56, 0.18
11.56,-0.25
11.57,-1.20
11.57,-0.63
11.58,-1.34
11.58,-0.16
11.59,-0.91
11.59,-0.16
11.60, 0.47
11.60,-0.14
11.61, 1.34
11.61, 0.85
11.62,-1.15
11.62, 0.26
11.63, 0.77
11.63, 1.29
11.64, 3.16
11.64, 1.90
11.65,-0.53
11.65,-1.17
11.66, 0.96
11.66,-0.76
11.67, 0.33
11.67, 0.04
11.68, 0.14
11.68, 0.16
11.69,-0.22
11.69, 1.03
11.70,-0.40
11.70, 1.57
11.71,-0.62
11.71,-0.24
11.72, 0.58
11.72, 0.08
11.73, 0.51
11.73, 0.21
11.74,-0.46
11.74, 1.21
11.75, 0.98
11.75,-1.15
11.76, 0.99
11.76, 0.67
11.77, 0.64
11.77,-0.24
11.78, 1.12
11.78, 0.67
11.79,-2.00
11.79, 0.22
11.80, 0.11
11.80, 1.22
11.81, 0.12
11.81, 0.37
11.82, 1.73
11.82, 1.51
11.83,-0.08
11.83, 1.40
11.84, 0.12
11.84,-0.25
11.85,-0.63
11.85,-2.79
11.86, 0.73
11.86, 1.34
11.87,-0.32
11.87, 0.66
11.88,-0.68
11.88,-0.27
11.89,-1.93
11.89, 0.14
11.90, 0.24
11.90,-0.14
11.91,-0.79
11.91,-0.62
11.92,-0.14
11.92,-0.43
11.93, 0.67
11.93,-1.53
11.94,-2.88
11.94, 0.15
11.95,-1.35
11.95,-0.72
11.96,-0.04
11.96, 1.65
11.97, 0.81
11.97, 1.45
11.98, 0.39
11.98,-0.15
11.99,-0.10
11.99, 0.29
12.00,-1.17
12.00, 1.76
12.01,-0.06
12.01, 1.49
12.02, 1.84
12.02, 2.38
12.03,-0.72
12.03, 0.06
12.04,-0.58
12.04,-0.41
12.05, 0.96
12.05, 0.40
12.06,-0.77
12.06,-0.30
12.07, 0.27
12.07, 1.48
12.08,-0.50
12.08,-0.81
12.09, 0.50
12.09, 0.75
12.10, 0.37
12.10,-0.70
12.11, 1.38
12.11,-1.89
12.12,-0.29
12.12, 0.16
12.13,-0.36
12.13, 0.53
12.14, 1.40
12.14, 0.55
12.15,-0.01
12.15, 1.56
12.16, 0.51
12.16, 0.06
12.17,-0.47
12.17, 1.12
12.18, 1.10
12.18,-0.53
12.19, 0.85
12.19,-1.03
12.20,-0.30
12.20,-1.04
12.21, 0.43
12.21,-1.57
12.22,-1.37
12.22, 0.56
12.23,-0.53
12.23, 0.71
12.24,-1.41
12.24,-0.95
12.25,-0.78
12.25,-0.67
12.26,-1.38
12.26, 0.60
12.27, 0.29
12.27, 1.05
12.28,-0.83
12.28,-1.33
12.29,-2.03
12.29, 0.44
12.30,-1.31
12.30,-0.49
12.31, 1.00
12.31, 1.21
12.34, 0.07
12.35, 1.64
12.35,-0.94
12.36, 0.48
12.36,-0.61
12.37, 1.63
12.37,-0.12
12.38,-0.58
12.38, 1.41
12.39,-0.18
12.39, 0.29
12.40, 0.84
12.41,-0.29
12.41, 0.71
12.42,-0.06
12.42, 0.78
12.43, 1.17
12.43, 0.52
12.44,-0.73
12.44, 0.37
12.45, 0.04
12.45, 0.17
12.46,-0.95
12.46, 0.63
12.47,-1.10
12.47, 1.03
12.48,-0.26
12.48, 0.85
12.49,-0.56
12.49, 0.07
12.50, 0.27
12.50,-1.36
12.51, 0.15
12.51, 0.61
12.52,-0.59
12.52,-0.62
12.53, 0.80
12.53, 0.35
12.54, 0.13
12.54, 0.82
12.55,-0.31
12.55,-0.52
12.56, 0.18
12.56, 0.26
12.57, 0.06
12.57, 0.62
12.58, 0.65
12.58,-0.53
12.59, 1.77
12.59,-0.01
12.60, 1.13
12.60, 0.35
12.61, 1.13
12.61, 0.49
12.62, 0.23
12.62, 1.05
12.63,-1.15
12.63, 0.05
12.64,-1.14
12.64,-0.38
12.65, 0.41
12.65,-0.97
12.66,-0.21
12.66, 1.59
12.67, 1.13
12.67, 0.96
12.68,-0.70
12.68,-0.35
12.69, 1.26
12.69, 2.19
12.70, 1.11
12.70,-0.03
12.71, 0.83
12.71, 0.88
12.72,-1.53
12.72, 0.19
12.73,-1.06
12.73,-1.16
12.74, 1.46
12.74,-0.68
12.75, 0.49
12.75,-1.84
12.76, 2.52
12.76,-0.47
12.77,-0.10
12.77, 0.94
12.78, 0.21
12.78,-1.26
12.79,-0.34
12.79,-0.17
12.80,-2.08
12.80, 0.46
12.81,-0.26
12.81, 2.65
12.82, 0.39
12.82,-0.75
12.83,-0.48
12.83, 0.58
12.84, 0.79
12.84,-1.24
12.85, 0.61
12.85,-0.29
12.86,-1.10
12.86, 0.26
12.87,-0.10
12.87,-0.82
12.88,-0.60
12.88,-0.83
12.89,-1.33
12.89,-2.48
12.90,-0.10
12.90,-0.38
12.91, 0.40
12.91,-1.60
12.92, 0.13
12.92,-1.46
12.93, 0.39
12.93,-0.84
12.94,-0.13
12.94,-0.82
12.95,-0.17
12.95,-1.61
12.96,-0.71
12.96, 1.44
12.97, 0.06
12.97,-0.42
12.98,-0.29
12.98,-0.87
12.99,-1.57
12.99,-0.69
13.00,-0.19
13.00,-0.30
13.01,-0.40
13.01, 3.28
13.02, 0.15
13.02,-0.77
13.03, 0.57
13.03,-0.48
13.04,-0.55
13.04, 0.20
13.05,-2.25
13.05, 0.82
13.06,-0.58
13.06,-2.57
13.07,-0.55
13.07, 0.21
13.08,-0.04
13.08, 0.51
13.09, 0.60
13.09,-0.24
13.10,-1.58
13.10,-0.06
13.11,-0.27
13.11, 0.89
13.12,-2.01
13.12,-0.55
13.13,-1.67
13.13,-1.20
13.14,-0.03
13.14,-1.28
13.15,-2.39
13.15, 0.77
13.16, 0.82
13.16, 0.93
13.17, 2.17
13.17, 1.76
13.18,-0.23
13.18, 0.43
13.19,-0.16
13.19, 2.58
13.20,-0.28
13.20, 0.08
13.21, 0.66
13.21, 0.09
13.22,-0.13
13.22,-0.43
13.23,-0.55
13.23,-0.71
13.24, 0.09
13.24, 0.74
13.25, 0.71
13.25,-1.16
13.26,-2.96
13.26, 1.49
13.27,-0.63
13.27,-0.37
13.28, 2.26
13.28, 0.96
13.29,-1.96
13.29, 1.53
13.30,-0.43
13.30,-1.10
13.31, 0.65
13.31,-0.37
13.32,-0.32
13.32, 1.34
13.33, 0.39
13.33,-0.62
13.34,-0.89
13.34, 0.92
13.37, 0.54
13.37,-0.62
13.38,-0.00
13.38,-0.14
13.39,-0.38
13.39,-1.86
13.40, 0.70
13.40,-0.32
13.41, 0.83
13.41, 0.71
13.42, 0.42
13.42, 1.00
13.43, 0.42
13.43, 0.35
13.44,-1.07
13.44,-0.22
13.45,-0.43
13.45,-1.27
13.46,-0.38
13.46,-0.01
13.47,-0.41
13.47, 0.15
13.48, 1.40
13.48, 0.27
13.49, 2.48
13.49, 0.17
13.50, 1.66
13.50, 0.44
13.51,-0.18
13.51,-0.28
13.52,-0.46
13.52, 0.94
13.53, 0.38
13.53,-0.04
13.54, 0.73
13.54, 0.88
13.55,-0.99
13.55, 0.16
13.56, 0.77
13.56,-1.59
13.57, 2.26
13.57,-0.25
13.58,-0.02
13.58,-0.03
13.59, 1.01
13.59, 1.87
13.60,-0.94
13.60, 0.68
13.61, 0.58
13.61,-0.37
13.62,-0.08
13.62, 0.85
13.63, 0.01
13.63,-2.26
13.64,-0.26
13.64, 0.79
13.65, 0.43
13.65,-0.07
13.66,-2.55
13.66, 0.54
13.67, 0.56
13.67, 0.65
13.68,-0.70
13.68,-1.44
13.69, 0.12
13.69, 0.05
13.70,-1.62
13.70,-0.79
13.71,-0.86
13.71, 0.92
13.72,-0.04
13.72, 1.71
13.73,-0.18
13.73, 1.07
13.74, 0.90
13.74,-0.66
13.75, 0.73
13.75, 0.07
13.76, 0.82
13.76, 0.30
13.77, 0.18
13.77,-0.38
13.78,-0.21
13.78,-0.56
13.79, 0.97
13.79, 0.38
13.80,-0.41
13.80, 0.23
13.81, 1.11
13.81,-0.87
13.82, 0.81
13.82, 1.20
13.83,-1.73
13.83,-1.45
13.84, 0.11
13.84,-1.24
13.85,-1.17
13.85,-1.09
13.86, 0.81
13.86, 1.02
13.87,-0.00
13.87, 0.42
13.88,-0.25
13.88,-1.70
13.89, 0.59
13.89,-0.31
13.90, 0.62
13.90, 0.23
13.91,-0.38
13.91, 0.92
13.92, 1.04
13.92, 1.14
13.93,-0.51
13.93, 1.17
13.94,-0.24
13.94,-0.84
13.95,-1.28
13.95, 1.07
13.96,-0.00
13.96,-0.36
13.97,-1.21
13.97, 1.36
13.98, 0.66
13.98, 0.61
13.99, 1.29
13.99, 0.74
14.00,-2.33
14.00,-0.44
14.01,-0.35
14.01,-0.78
14.02,-1.42
14.02, 1.14
14.03, 0.71
14.03, 1.00
14.04, 1.22
14.04, 0.41
14.05,-0.23
14.05,-0.15
14.06,-1.88
14.06, 0.41
14.07,-1.87
14.07,-1.35
14.08,-1.28
14.08, 0.27
14.09, 0.43
14.10, 0.10
14.10,-1.88
14.11,-1.14
14.11, 0.83
14.12, 0.64
14.12,-0.42
14.13,-1.58
14.13,-0.44
14.14, 0.29
14.14, 0.22
14.15,-0.29
14.15,-0.06
14.16,-0.03
14.16,-0.93
14.17, 2.27
14.17, 2.03
14.18,-0.91
14.18,-0.42
14.19,-0.82
14.19, 1.19
14.20, 0.24
14.20, 0.23
14.21, 0.41
14.21,-1.04
14.22,-0.13
14.22,-1.58
14.23, 0.69
14.23,-2.36
14.24,-0.75
14.24, 0.79
14.25, 0.77
14.25,-0.41
14.26,-0.93
14.26, 1.05
14.27,-0.01
14.27, 0.35
14.28, 1.72
14.28,-0.36
14.29,-1.53
14.29, 0.30
14.30,-0.65
14.30,-1.18
14.31,-0.13
14.31, 0.67
14.32,-0.19
14.32, 1.56
14.33,-0.64
14.33,-0.19
14.34, 0.14
14.34,-0.19
14.35, 0.19
14.35, 0.79
14.36,-0.16
14.36, 0.59
14.37,-0.25
14.39,-0.56
14.39, 0.00
14.40, 1.09
14.40,-0.16
14.41, 0.41
14.41,-1.54
14.42,-0.09
14.42, 0.09
14.43, 1.68
14.43,-1.28
14.44, 0.55
14.44,-1.90
14.45, 0.77
14.45,-0.11
14.46, 1.77
14.46, 1.25
14.47,-0.21
14.47, 1.60
14.48, 0.62
14.48, 0.03
14.49,-0.99
14.49,-3.02
14.50,-0.66
14.50,-0.43
14.51, 0.40
14.51, 0.52
14.52, 0.55
14.52, 0.42
14.53,-0.11
14.53, 0.74
14.54,-0.14
14.54, 1.12
14.55,-1.82
14.55,-0.79
14.56, 0.19
14.56,-0.45
14.57, 0.84
14.57, 2.58
14.58,-0.00
14.58,-0.29
14.59,-0.48
14.59, 0.23
14.60,-0.28
14.60, 0.08
14.61, 0.66
14.61, 0.50
14.62,-1.43
14.62,-1.16
14.63,-2.03
14.63,-0.25
14.64, 0.82
14.64,-0.82
14.65, 0.83
14.65,-0.58
14.66,-1.78
14.66,-1.68
14.67,-1.12
14.68, 0.70
14.68, 1.78
14.69,-1.19
14.69, 1.88
14.70,-0.85
14.70,-1.54
14.71, 1.02
14.71, 0.15
14.72,-0.55
14.72,-0.13
14.73,-0.97
14.73, 0.11
14.74, 0.92
14.74, 1.42
14.75,-1.06
14.75,-0.12
14.76,-0.75
14.76, 0.29
14.77,-0.22
14.77,-1.05
14.78,-0.21
14.78, 0.94
14.79, 0.34
14.79,-1.59
14.80,-1.58
14.80,-0.05
14.81, 0.58
14.81, 0.41
14.82,-1.24
14.82,-0.90
14.83,-1.43
14.83,-0.07
14.84,-0.05
14.84,-1.41
14.85,-2.01
14.85, 0.54
14.86,-0.47
14.86,-0.87
14.87, 0.66
14.87,-0.53
14.88,-0.61
14.88, 1.32
14.89, 0.15
14.89,-0.83
14.90,-0.25
14.90, 0.12
14.91,-0.92
14.91,-1.04
14.92,-1.58
14.92, 0.79
14.93, 1.84
14.93,-0.76
14.94,-0.71
14.94,-1.64
14.95,-0.94
14.95, 0.05
14.96, 0.18
14.96,-1.22
14.97,-1.02
14.97, 1.92
14.98, 1.32
14.98, 1.55
14.99,-0.79
14.99,-0.27
15.00, 0.44
15.00, 0.08
15.01,-1.42
15.01, 0.03
15.02,-0.34
15.02, 0.30
15.03,-2.92
15.03, 2.27
15.04, 0.09
15.04,-0.61
15.05,-1.01
15.05,-0.74
15.06, 0.52
15.06,-1.39
15.07,-0.52
15.07, 1.41
15.08,-0.08
15.08,-1.94
15.09,-1.26
15.09, 0.01
15.10,-1.30
15.10,-0.19
15.11,-2.11
15.11,-0.23
15.12, 0.52
15.12, 1.50
15.13,-0.55
15.13, 0.53
15.14,-0.91
15.14,-0.97
15.15, 0.32
15.15, 0.62
15.16,-0.08
15.16,-0.43
15.17, 1.59
15.17, 0.03
15.18, 0.03
15.18,-1.79
15.19, 0.89
15.19, 0.23
15.20, 1.32
15.20, 0.61
15.21, 1.42
15.21,-1.19
15.22, 0.02
15.22, 0.22
15.23,-1.09
15.23, 0.40
15.24,-0.15
15.24,-0.51
15.25,-1.65
15.25,-1.13
15.26,-1.46
15.26,-1.89
15.27, 0.17
15.27, 0.17
15.28, 1.31
15.28, 1.44
15.29, 0.54
15.29, 0.31
15.30, 2.54
15.30,-0.42
15.31,-1.72
15.31, 0.73
15.32,-0.03
15.32, 0.04
15.33,-0.46
15.33, 1.83
15.34, 2.36
15.34, 2.18
15.35, 0.96
15.35, 0.39
15.36,-0.16
15.36,-0.70
15.37,-0.29
15.37,-0.02
15.38, 1.10
15.38, 0.59
15.39, 2.25
15.41,-0.20
15.42,-0.78
15.42,-0.19
15.43,-1.46
15.43, 0.05
15.44,-0.47
15.44,-1.28
15.45,-0.44
15.45, 0.02
15.46,-0.89
15.46,-1.10
15.47, 0.71
15.47,-1.11
15.48, 0.04
15.48, 1.76
15.49, 0.62
15.49, 0.30
15.50,-0.94
15.50, 0.06
15.51, 1.28
15.51, 0.65
15.52,-1.12
15.52, 0.68
15.53,-0.86
15.53, 0.79
15.54, 0.28
15.54, 0.26
15.55,-1.24
15.55, 1.63
15.56,-0.90
15.56,-0.88
15.57, 0.08
15.57,-1.55
15.58,-0.74
15.58,-1.31
15.59,-1.06
15.59, 0.14
15.60,-1.01
15.60, 0.23
15.61, 0.07
15.61, 0.02
15.62, 0.72
15.62, 0.28
15.63, 0.93
15.63,-1.77
15.64, 0.30
15.64,-1.09
15.65,-1.64
15.65,-0.09
15.66,-0.46
15.66,-0.31
15.67, 0.50
15.67, 0.74
15.68,-1.43
15.68,-0.54
15.69,-0.30
15.69,-0.21
15.70, 0.11
15.70, 0.43
15.71,-0.75
15.71, 0.43
15.72, 0.53
15.72, 0.80
15.73,-0.88
15.73, 0.06
15.74,-0.10
15.74, 1.14
15.75, 0.57
15.75,-0.27
15.76,-0.54
15.76, 1.19
15.77,-0.90
15.77,-0.31
15.78, 0.47
15.78,-2.30
15.79, 1.28
15.79, 1.72
15.80, 0.46
15.80,-0.64
15.81,-1.17
15.81, 0.05
15.82,-0.37
15.82,-0.87
15.83, 0.04
15.83,-0.86
15.84,-0.86
15.84, 1.00
15.85,-0.04
15.85, 0.97
15.86, 0.31
15.86, 0.20
15.87, 0.11
15.87,-0.54
15.88, 0.22
15.88,-1.29
15.89, 0.29
15.89,-0.70
15.90, 0.53
15.90,-0.02
15.91,-0.69
15.91,-0.51
15.92, 0.01
15.92, 0.85
15.93, 1.83
15.93, 0.25
15.94,-1.09
15.94, 0.19
15.95,-0.22
15.95, 1.20
15.96, 0.73
15.96,-0.48
15.97,-1.49
15.97, 0.53
15.98,-0.07
15.98,-1.65
15.99, 0.58
15.99,-1.48
16.00, 0.90
16.00, 0.06
16.01,-0.56
16.01, 0.36
16.02,-2.64
16.02, 0.66
16.03,-0.19
16.03,-1.33
16.04,-1.44
16.04, 0.36
16.05,-0.24
16.05,-0.16
16.06, 0.71
16.06,-1.59
16.07, 0.49
16.07,-1.39
16.08, 0.87
16.08, 0.43
16.09, 0.57
16.09,-0.68
16.10, 0.85
16.10, 0.41
16.11, 0.05
16.11,-1.71
16.12,-0.40
16.12,-0.21
16.13,-0.86
16.13,-0.72
16.14,-0.33
16.14,-1.12
16.15,-0.39
16.15, 2.28
16.16,-0.97
16.16, 0.92
16.17, 0.25
16.17,-0.17
16.18,-1.21
16.18, 1.05
16.19,-0.76
16.19,-0.27
16.20, 0.70
16.20,-0.84
16.21, 1.41
16.21, 0.04
16.22, 0.96
16.22, 0.27
16.23,-1.43
16.24,-1.28
16.24,-2.28
16.25,-0.40
16.25,-0.22
16.26, 0.56
16.26, 0.59
16.27, 0.28
16.27, 1.69
16.28,-1.88
16.28, 0.70
16.29, 0.83
16.29,-1.61
16.30,-0.36
16.30,-0.81
16.31, 2.39
16.31,-0.67
16.32, 0.35
16.32, 0.99
16.33,-1.60
16.33, 0.02
16.34, 0.57
16.34,-0.06
16.35, 0.27
16.35, 0.60
16.36, 1.21
16.36,-0.72
16.37,-0.09
16.37, 1.17
16.38, 0.06
16.38,-0.39
16.39, 0.57
16.39,-0.29
16.40, 1.21
16.40, 0.07
16.41, 1.04
16.41, 0.53
16.43,-0.74
16.43,-0.73
16.44, 0.01
16.44,-0.68
16.45,-0.09
16.45,-1.08
16.46,-1.80
16.46, 1.13
16.47, 0.05
16.47,-0.00
16.48,-0.73
16.48,-0.23
16.49, 0.57
16.49, 1.58
16.50, 0.83
16.50, 0.37
16.51, 0.16
16.51,-0.37
16.52, 0.69
16.52,-0.93
16.53,-1.36
16.53,-0.36
16.54, 0.35
16.54, 0.48
16.55, 0.96
16.55,-1.26
16.56, 1.25
16.56, 0.73
16.57, 0.08
16.57,-0.64
16.58, 0.41
16.58, 0.60
16.59,-0.17
16.59,-0.32
16.60, 0.46
16.60,-1.10
16.61, 1.01
16.61, 0.07
16.62,-0.07
16.62,-0.81
16.63,-0.44
16.63, 0.71
16.64,-0.35
16.64,-1.71
16.65,-0.37
16.65, 0.71
16.66,-0.91
16.66, 0.11
16.67, 1.81
16.67, 0.53
16.68, 0.24
16.68,-0.35
16.69,-0.33
16.69, 1.04
16.70, 1.48
16.70,-1.54
16.71, 1.37
16.71,-1.79
16.72, 0.47
16.72, 1.27
16.73,-1.27
16.73,-0.54
16.74,-1.01
16.74, 1.44
16.75, 0.68
16.75, 3.40
16.76,-0.33
16.76, 0.00
16.77, 0.61
16.77,-0.12
16.78,-0.60
16.78, 0.60
16.79, 0.43
16.79,-1.45
16.80, 0.53
16.80,-0.57
16.81, 0.52
16.81, 0.27
16.82,-0.69
16.82, 0.12
16.83,-1.52
16.83,-0.95
16.84, 0.01
16.84,-0.76
16.85, 0.47
16.85, 0.30
16.86,-1.49
16.86, 0.29
16.87, 0.09
16.87, 1.32
16.88,-0.13
16.88,-1.05
16.89, 0.37
16.89, 0.07
16.90, 2.43
16.90, 2.26
16.91, 0.40
16.91, 0.07
16.92, 0.26
16.92, 0.17
16.93,-0.23
16.93,-0.27
16.94,-1.98
16.94,-0.61
16.95, 1.55
16.95, 1.08
16.96,-0.66
16.96,-0.43
16.97, 0.52
16.97, 0.59
16.98, 1.25
16.98,-0.25
16.99, 1.89
16.99, 0.90
17.00, 0.17
17.00, 0.31
17.01, 0.25
17.01, 0.42
17.02,-0.03
17.02,-1.96
17.03,-0.62
17.03, 0.69
17.04, 0.43
17.04,-0.40
17.05,-0.34
17.05,-0.41
17.06,-0.77
17.06,-0.18
17.07,-0.83
17.07,-0.37
17.08,-0.21
17.08,-1.25
17.09,-1.06
17.09, 0.18
17.10,-0.51
17.10, 0.62
17.11, 0.08
17.11, 0.09
17.12, 2.08
17.12, 0.30
17.13,-1.32
17.13, 0.72
17.14,-0.82
17.14, 2.43
17.15,-1.01
17.15,-1.27
17.16,-0.13
17.16,-0.45
17.17,-1.19
17.17, 1.05
17.18,-0.56
17.18,-0.14
17.19, 1.44
17.19, 1.43
17.20,-0.71
17.20,-2.61
17.21,-0.97
17.21,-0.83
17.22,-1.24
17.22,-1.04
17.23, 0.65
17.23, 0.39
17.24,-1.15
17.24, 1.84
17.25,-0.61
17.25,-1.46
17.26, 0.17
17.26, 1.18
17.27,-1.26
17.27, 1.21
17.28,-1.86
17.28,-0.18
17.29, 1.64
17.29,-1.20
17.30, 0.26
17.31, 0.92
17.31,-1.18
17.32, 0.75
17.32, 0.79
17.33,-1.65
17.33,-0.49
17.34,-0.61
17.34,-0.26
17.35, 1.38
17.35,-0.39
17.36, 1.10
17.36,-1.11
17.37, 2.84
17.37, 1.08
17.38,-0.25
17.38,-0.29
17.39, 0.01
17.39,-0.87
17.40,-0.66
17.40, 1.26
17.41, 0.75
17.41,-0.91
17.42, 0.11
17.42,-1.59
17.43, 1.31
17.45, 0.34
17.45, 0.14
17.46,-0.20
17.46, 0.21
17.47,-0.34
17.47,-1.75
17.48, 1.69
17.48, 1.32
17.49,-0.25
17.49,-0.93
17.50, 0.25
17.50, 0.35
17.51,-0.97
17.51, 0.07
17.52, 0.37
17.52, 0.52
17.53, 0.22
17.53,-1.07
17.54,-1.30
17.54,-0.34
17.55, 0.25
17.55, 0.48
17.56, 0.91
17.56, 0.19
17.57, 0.28
17.57, 0.40
17.58, 0.21
17.58, 0.06
17.59,-0.05
17.59,-0.41
17.60,-1.39
17.60,-0.34
17.61,-0.53
17.61, 0.95
17.62,-1.21
17.62, 1.50
17.63,-1.48
17.63, 2.15
17.64, 2.07
17.64,-0.11
17.65, 0.45
17.65, 0.88
17.66, 2.78
17.66, 0.09
17.67,-0.63
17.67, 2.96
17.68,-1.01
17.68, 1.71
17.69, 0.35
17.69, 0.23
17.70, 1.16
17.70, 0.25
17.71, 0.33
17.71, 1.01
17.72,-0.95
17.72, 0.73
17.73,-0.28
17.73, 0.43
17.74,-1.78
17.74, 0.60
17.75, 0.36
17.75,-2.76
17.76,-0.33
17.76, 0.10
17.77, 0.83
17.78, 0.48
17.78, 0.36
17.79,-1.82
17.79,-0.31
17.80, 2.19
17.80,-1.71
17.81, 2.11
17.81, 0.43
17.82,-0.20
17.82,-0.37
17.83, 0.48
17.83, 1.40
17.84, 0.65
17.84,-1.40
17.85,-0.74
17.85, 1.35
17.86, 0.99
17.86, 0.82
17.87,-0.86
17.87,-0.85
17.88, 0.96
17.88, 0.22
17.89, 1.81
17.89,-0.33
17.90,-0.68
17.90,-0.18
17.91,-0.07
17.91, 1.07
17.92, 0.83
17.92,-1.79
17.93, 0.84
17.93,-0.44
17.94,-2.63
17.94, 0.87
17.95, 0.45
17.95,-0.43
17.96, 0.66
17.96, 1.37
17.97,-0.86
17.97, 0.09
17.98,-0.55
17.98, 0.43
17.99, 0.22
17.99,-0.23
18.00,-1.94
18.00,-1.53
18.01,-2.28
18.01,-1.36
18.02,-0.51
18.02, 0.55
18.03, 0.21
18.03,-0.14
18.04,-0.08
18.04, 1.55
18.05, 0.15
18.05, 0.11
18.06, 0.15
18.06, 0.34
18.07,-1.03
18.07,-0.71
18.08, 0.83
18.08,-0.23
18.09, 0.66
18.09,-1.11
18.10, 0.66
18.10,-1.21
18.11, 0.68
18.11,-1.11
18.12,-0.02
18.12, 0.51
18.13,-1.91
18.13, 0.95
18.14, 1.11
18.14,-1.76
18.15,-2.03
18.15,-1.10
18.16,-0.57
18.16, 0.74
18.17, 1.62
18.17, 0.03
18.18,-2.01
18.18, 0.47
18.19, 0.15
18.19, 0.53
18.20,-2.11
18.20,-1.47
18.21, 0.58
18.21, 0.80
18.22, 2.67
18.22,-0.88
18.23,-0.07
18.23,-0.45
18.24, 0.86
18.24, 1.49
18.25,-1.07
18.25,-1.41
18.26, 0.80
18.26, 0.97
18.27, 1.09
18.27,-0.21
18.28,-1.20
18.28,-0.62
18.29,-0.44
18.29,-0.91
18.30, 1.07
18.30, 0.45
18.31,-0.88
18.31, 0.66
18.32, 0.10
18.32,-0.50
18.33,-0.01
18.33,-0.19
18.34, 0.65
18.34,-0.86
18.35,-1.00
18.35, 0.01
18.36, 0.55
18.36, 0.93
18.37, 1.16
18.37,-0.34
18.38, 0.18
18.38,-0.65
18.39,-0.81
18.39, 0.69
18.40, 0.12
18.40,-0.08
18.41,-0.35
18.41, 0.30
18.42, 0.30
18.42,-0.74
18.43, 1.41
18.43, 0.09
18.44, 0.20
18.44,-0.10
18.45, 0.07
18.46, 0.08
18.47,-1.02
18.47, 0.92
18.48,-0.77
18.48,-0.15
18.49,-0.06
18.49, 1.35
18.50, 0.96
18.50,-1.52
18.51,-0.80
18.51,-1.24
18.52,-0.41
18.52, 1.86
18.53,-0.20
18.53, 0.60
18.54,-0.85
18.54, 0.05
18.55,-1.96
18.55,-1.33
18.56,-0.52
18.56,-1.29
18.57, 0.24
18.57, 0.48
18.58, 1.16
18.58, 0.02
18.59, 0.17
18.59,-0.55
18.60, 2.06
18.60, 0.43
18.61,-0.21
18.61,-0.49
18.62,-0.35
18.62, 0.94
18.63, 2.08
18.63, 0.82
18.64, 0.14
18.64,-0.56
18.65,-1.48
18.65, 0.87
18.66, 0.78
18.66,-0.02
18.67,-0.85
18.68,-0.19
18.68, 0.89
18.69,-0.28
18.69, 0.55
18.70,-1.34
18.70,-1.27
18.71,-1.27
18.71,-0.87
18.72,-0.04
18.72, 0.30
18.73,-0.50
18.73,-0.69
18.74, 0.28
18.74,-0.81
18.75,-1.58
18.75,-0.22
18.76, 0.47
18.76, 0.22
18.77, 0.97
18.77,-1.05
18.78,-0.40
18.78, 0.37
18.79, 0.53
18.79, 1.02
18.80,-1.77
18.80,-0.15
18.81,-0.80
18.81,-0.05
18.82,-0.14
18.82, 0.21
18.83,-3.10
18.83,-0.72
18.84,-1.37
18.84, 0.63
18.85, 0.03
18.85, 0.74
18.86,-0.28
18.86, 1.74
18.87,-0.45
18.87, 2.09
18.88,-0.26
18.88, 0.48
18.89,-1.59
18.89,-1.61
18.90,-1.36
18.90, 1.34
18.91, 0.53
18.91, 1.56
18.92, 0.26
18.92, 0.75
18.93,-0.49
18.93, 0.65
18.94, 1.60
18.94, 0.51
18.95, 0.00
18.95, 1.57
18.96, 1.07
18.96,-0.03
18.97,-0.22
18.97, 1.83
18.98, 0.75
18.98,-0.12
18.99,-1.57
18.99, 1.44
19.00, 1.89
19.00,-1.37
19.01,-1.66
19.01, 0.23
19.02, 0.24
19.02,-0.18
19.03, 0.27
19.03, 0.35
19.04,-1.71
19.04,-0.11
19.05, 0.14
19.05,-0.74
19.06, 0.42
19.06,-0.44
19.07, 1.15
19.07, 1.46
19.08, 1.14
19.08,-2.05
19.09,-0.89
19.09, 0.03
19.10, 1.87
19.10,-1.00
19.11, 1.65
19.11, 0.82
19.12,-0.70
19.12,-1.69
19.13,-0.44
19.13,-0.33
19.14,-0.69
19.14, 0.30
19.15,-0.63
19.15,-0.13
19.16, 0.42
19.16,-1.71
19.17, 1.64
19.17, 0.15
19.18, 0.69
19.18,-0.55
19.19, 1.18
19.19,-1.46
19.20,-0.49
19.20, 1.38
19.21,-0.22
19.21,-0.73
19.22,-0.41
19.22, 0.04
19.23,-0.56
19.23,-1.52
19.24, 0.08
19.24,-1.22
19.25,-1.39
19.25,-0.25
19.26,-0.66
19.26,-0.37
19.27,-0.24
19.27, 2.02
19.28, 0.48
19.28, 0.93
19.29, 0.97
19.29,-0.60
19.30, 0.19
19.30,-0.98
19.31, 1.75
19.31, 0.24
19.32, 0.09
19.32, 2.41
19.33,-0.30
19.33,-0.86
19.34,-0.22
19.34,-0.36
19.35, 0.54
19.35,-0.26
19.36, 0.61
19.36,-2.18
19.37, 0.43
19.37,-0.37
19.38, 0.25
19.38,-1.07
19.39,-0.79
19.39,-0.90
19.40, 0.92
19.40,-0.88
19.41,-0.65
19.41,-0.67
19.42,-0.12
19.42,-0.46
19.43,-0.89
19.43,-0.27
19.44,-0.81
19.44, 2.24
19.45, 0.38
19.45,-0.17
19.46, 1.72
19.46,-0.18
19.49, 1.24
19.49, 0.93
19.50, 0.26
19.50,-0.57
19.51,-1.42
19.51, 0.70
19.52,-1.41
19.52,-2.23
19.53,-2.24
19.53,-0.03
19.54, 1.24
19.54, 0.18
19.55, 0.56
19.55,-0.82
19.56, 0.46
19.56, 0.57
19.57, 2.30
19.57,-0.17
19.58, 0.74
19.58, 0.15
19.59,-0.43
19.59,-0.55
19.60,-0.51
19.60, 0.83
19.61,-0.15
19.61,-0.24
19.62,-0.37
19.62, 2.10
19.63, 0.87
19.63,-1.18
19.64, 1.28
19.64,-0.34
19.65,-0.82
19.65,-0.00
19.66,-0.00
19.66, 1.97
19.67, 1.80
19.67,-0.39
19.68, 0.27
19.68,-0.41
19.69, 2.19
19.69,-0.29
19.70, 0.57
19.70,-0.26
19.71,-1.36
19.71, 0.59
19.72, 0.92
19.72,-1.37
19.73,-1.19
19.73, 0.76
19.74, 2.36
19.74, 0.90
19.75,-0.10
19.75, 1.58
19.76,-0.94
19.76, 0.62
19.77, 0.65
19.77, 0.45
19.78,-0.01
19.78,-1.74
19.79,-1.51
19.79, 2.03
19.80,-0.26
19.80,-0.75
19.81,-1.23
19.81,-0.59
19.82,-0.44
19.82,-2.22
19.83, 0.15
19.83,-0.81
19.84,-0.08
19.84, 0.46
19.85,-1.92
19.85,-0.42
19.86,-0.17
19.86, 0.17
19.87, 0.33
19.87,-0.88
19.88, 1.14
19.88, 0.76
19.89, 1.47
19.89, 0.21
19.90, 1.14
19.90,-0.21
19.91, 1.31
19.91, 0.89
19.92,-0.02
19.92,-1.02
19.93, 0.30
19.93,-0.25
19.94,-0.18
19.94,-0.79
19.95, 1.23
19.95, 2.75
19.96, 0.60
19.96, 0.02
19.97,-0.17
19.97, 0.53
19.98,-0.78
19.98, 0.64
19.99,-1.39
19.99, 0.16
20.00,-1.49
20.00, 1.71
20.01, 1.11
20.01,-1.01
20.02,-0.49
20.02, 1.45
20.03,-1.18
20.03, 0.97
20.04, 1.39
20.04,-0.24
20.05, 0.27
20.05,-0.37
20.06, 0.01
20.06,-0.10
20.07,-2.62
20.07,-1.59
20.08,-0.04
20.08, 0.62
20.09, 1.64
20.09,-0.33
20.10, 0.51
20.10,-0.57
20.11,-0.59
20.11, 0.20
20.12, 2.01
20.12,-0.68
20.13, 0.24
20.13, 0.18
20.14,-0.73
20.15,-0.93
20.15, 0.36
20.16,-0.39
20.16, 1.00
20.17,-0.39
20.17,-1.08
20.18, 0.47
20.18, 0.70
20.19,-0.67
20.19,-0.64
20.20, 1.14
20.20, 1.99
20.21, 0.49
20.21,-1.02
20.22, 1.28
20.22,-1.00
20.23,-2.03
20.23, 0.61
20.24, 1.76
20.24,-1.97
20.25,-0.85
20.25,-0.56
20.26,-0.18
20.26, 1.81
20.27, 1.17
20.27,-1.26
20.28, 1.32
20.28, 0.00
20.29, 0.20
20.29, 0.41
20.30,-0.29
20.30, 1.65
20.31, 0.49
20.31, 0.13
20.32,-0.42
20.32,-0.13
20.33,-2.23
20.33, 1.78
20.34,-0.13
20.34, 0.49
20.35,-0.46
20.35, 0.86
20.36, 0.42
20.36,-0.73
20.37, 0.96
20.37,-0.45
20.38, 0.72
20.38,-0.02
20.39,-0.20
20.39, 0.50
20.40,-0.38
20.40,-0.09
20.41,-0.45
20.41,-0.50
20.42, 1.28
20.42, 0.06
20.43, 0.90
20.43,-1.65
20.44,-0.42
20.44,-1.38
20.45, 0.58
20.45,-1.21
20.46,-0.32
20.46,-0.60
20.47, 1.02
20.47, 0.71
20.48,-1.33
20.48, 0.56
20.49,-0.53
